890526E A 2712205 1480555 25.0 0 0
788215E A 2716208 1481636 25.0 0.0 0
B5409518 A 2716645 1485860 75.0 0 0
H5091Y ABC 2713291 1481444 6.7 6.7 6.7
1619091E A 2713193 1479988 10.0 0 0
1205338E A 2718134 1482792 25.0 0.0 0
P5165285 ABC 2712594 1481645 50.0 50.0 50.0
1566549E B 2715418 1483719 0 37.5 0.0
B5409513 C 2718842 1486429 0 0 75.0
1619604E ABC 2711594 1481478 100.0 100.0 100.0
1354671E ABC 2712713 1481275 12.5 12.5 12.5
1354554E ABC 2712322 1481719 8.3 8.3 8.3
1240408E A 2717432 1484542 25.0 0 0
1829704E ABC 2712262 1481520 167.0 167.0 167.0
B5131867 C 2718236 1485420 0 0 50.0
1137505E ABC 2713231 1481056 21.7 21.7 21.7
B5325087 ABC 2712600 1479260 8.3 8.3 8.3
P5524215 ABC 2716230 1482318 100.0 100.0 100.0
P5158863 C 2713784 1480731 0 0 500.0
P5170445 ABC 2717406 1481779 75.0 75.0 75.0
1619601E ABC 2711899 1481521 167.0 167.0 167.0
999374E ABC 2712228 1479363 5.0 5.0 5.0
B5057756 ABC 2712677 1479051 8.3 8.3 8.3
905160E ABC 2713591 1479769 8.3 8.3 8.3
B5147701 C 2718821 1485229 0 0 50.0
1273966E ABC 2717517 1482861 16.7 16.7 16.7
4759974E ABC 2712832 1480255 5.0 5.0 5.0
905648E ABC 2712245 1479020 12.5 12.5 12.5
4741224E ABC 2711943 1481092 5.0 5.0 5.0
P5009285 A 2715599 1482199 25.0 0.0 0
1619614E ABC 2713148 1480837 5.0 5.0 5.0
P5377087 A 2713584 1480102 75.0 0 0
B5158703 A 2716710 1484555 50.0 0 0
P5009861 ABC 2712501 1481196 50.0 50.0 50.0
H5094Y ABC 2712797 1481340 8.3 8.3 8.3
4407240E ABC 2713350 1481136 12.5 12.5 12.5
B5131869 ABC 2718414 1485158 50.0 50.0 50.0
1354555E ABC 2712425 1481831 8.3 8.3 8.3
905167E A 2716313 1481925 37.5 0.0 0
1566542E A 2715500 1482923 50.0 0.0 0
P5337664 A 2717078 1481707 300.0 0.0 0
P5461477 ABC 2712284 1481059 50.0 50.0 50.0
P5057330 ABC 2712444 1478535 50.0 50.0 50.0
788242E ABC 2713160 1479757 8.3 8.3 8.3
1240165E ABC 2717414 1485271 3.3 3.3 3.3
1377920E ABC 2713366 1480299 8.3 8.3 8.3
4650396E ABC 2712931 1479774 8.3 8.3 8.3
B5170111 A 2711646 1480704 50.0 0 0
947375E ABC 2712660 1480801 8.3 8.3 8.3
H5487Y ABC 2712721 1479624 25.0 25.0 25.0
B5409517 A 2717485 1485987 75.0 0 0
P5383657 ABC 2713099 1481286 25.0 25.0 25.0
H5093Y ABC 2712889 1481438 25.0 25.0 25.0
947372E ABC 2712146 1480872 8.3 8.3 8.3
B5409515 C 2717854 1486399 0 0 75.0
788212E A 2716508 1481653 15.0 0.0 0
P5010422 ABC 2713287 1479238 166.7 166.7 166.7
H5092Y ABC 2713072 1481438 12.5 12.5 12.5
4742449E ABC 2716677 1481638 15.0 15.0 15.0
H8269Y A 2713333 1480469 37.5 0 0
P5555278 ABC 2711587 1480967 75.0 75.0 75.0
1619612E ABC 2712251 1480778 8.3 8.3 8.3
P5397467 ABC 2716863 1481417 50.0 50.0 50.0
