           1           2
           2           3
           3           4
           3         129
           4           5
           5           6
           6           7
           6         399
           7           8
           7         398
           8           9
           8          10
           8          11
           8          12
           8          32
          12          13
          12         330
          13          14
          13          29
          14          15
          14          26
          15          16
          15         336
          16          17
          16         335
          17          18
          17          25
          18          19
          18         331
          19          20
          19          24
          20          21
          21          22
          21          23
          23         332
          24         333
          25         334
          26          27
          26         337
          27          28
          27         338
          29          30
          29         339
          30          31
          30         340
          32          33
          32         116
          32          36
          33          34
          33         343
          34          35
          34         342
          35         341
          36          37
          36          40
          36          41
          37          38
          37         344
          38          39
          38         345
          40         346
          41          42
          41         110
          42          43
          42         109
          43          44
          44          45
          44         383
          45          46
          46          47
          46          53
          46         107
          47          48
          47         348
          48          49
          48          51
          49          50
          50         347
          51          52
          53          54
          53         106
          54          55
          54         102
          54         349
          55          56
          55         378
          56          57
          56          58
          56          76
          57         350
          58          59
          58          72
          59          60
          59         351
          60          61
          60          66
          60          71
          60         356
          61          62
          61          65
          62          63
          62         352
          63          64
          63         353
          64         354
          65         355
          66          67
          66          69
          67          68
          67         357
          68         358
          69          70
          69         359
          70         360
          72          73
          73          74
          73         362
          74          75
          74         361
          76          77
          76          85
          77          78
          77         363
          78          79
          78         368
          79          80
          79         364
          80          81
          81          82
          81          84
          82          83
          82         365
          83         366
          84         367
          85          86
          85          97
          86          87
          86          88
          88          89
          88         369
          89          90
          89         374
          90          91
          90         373
          91          92
          91          95
          92          94
          92          93
          93         370
          94         371
          95          96
          96         372
          97          98
          98          99
          98         375
          99         100
          99         376
         100         101
         100         377
         102         103
         103         104
         103         379
         104         105
         104         380
         106         381
         107         108
         108         382
         109         384
         110         111
         110         388
         111         112
         111         387
         112         113
         113         114
         113         385
         114         115
         114         386
         116         117
         116         119
         117         118
         118         389
         119         120
         119         390
         120         121
         120         397
         121         122
         121         391
         122         123
         122         396
         123         124
         123         128
         124         126
         124         125
         125         392
         126         127
         126         393
         127         394
         128         395
         129         130
         130         131
         130         195
         130         194
         131         132
         131         400
         132         133
         132         401
         133         134
         133         442
         134         135
         134         441
         135         136
         135         190
         136         162
         136         137
         137         138
         137         140
         138         139
         139         402
         140         141
         140         156
         141         142
         141         149
         142         143
         143         144
         143         407
         144         145
         144         406
         145         146
         145         147
         146         403
         147         148
         147         405
         148         404
         149         150
         150         151
         150         412
         151         152
         151         411
         152         153
         152         155
         153         154
         153         408
         154         409
         155         410
         156         157
         157         158
         157         417
         158         159
         158         416
         159         160
         159         415
         160         161
         160         414
         161         413
         162         163
         162         437
         163         164
         163         181
         164         165
         164         429
         165         166
         166         168
         166         167
         167         418
         168         169
         168         174
         169         170
         170         171
         170         422
         171         172
         171         421
         172         173
         172         420
         173         419
         174         175
         174         428
         175         176
         175         427
         176         177
         176         426
         177         178
         177         425
         178         179
         178         424
         179         180
         179         423
         181         182
         182         183
         182         185
         182         187
         183         184
         183         430
         184         431
         185         186
         185         433
         186         432
         187         188
         187         436
         188         189
         188         435
         189         434
         190         191
         191         192
         191         440
         192         193
         192         439
         193         438
         195         196
         195         524
         196         197
         196         523
         197         198
         197         443
         198         199
         198         444
         199         200
         199         201
         201         202
         201         522
         202         203
         202         445
         203         204
         203         266
         204         205
         204         265
         205         206
         205         246
         206         207
         206         244
         207         208
         207         243
         208         209
         208         242
         209         210
         209         464
         210         211
         210         241
         211         212
         211         446
         212         213
         212         240
         213         214
         213         447
         214         215
         214         238
         215         216
         215         448
         216         217
         216         235
         217         218
         217         233
         218         219
         218         449
         219         220
         219         231
         220         221
         220         456
         221         222
         221         229
         222         223
         222         450
         223         224
         223         227
         224         225
         224         453
         225         226
         225         452
         226         451
         227         228
         227         454
         229         230
         229         455
         231         232
         231         457
         233         234
         233         458
         235         236
         235         460
         236         237
         236         459
         238         239
         238         461
         240         462
         241         463
         242         465
         243         466
         244         245
         244         468
         245         467
         246         249
         246         247
         247         248
         247         470
         248         469
         249         250
         250         251
         250         262
         251         252
         251         253
         253         254
         253         471
         254         255
         254         472
         255         256
         255         260
         256         257
         256         475
         257         258
         257         474
         258         259
         258         473
         260         261
         261         476
         262         263
         262         479
         263         264
         263         478
         264         477
         265         480
         266         267
         266         280
         267         268
         268         269
         268         278
         269         270
         269         481
         270         271
         271         272
         271         482
         272         273
         272         483
         273         274
         273         484
         274         275
         274         485
         275         276
         275         486
         276         277
         276         487
         278         279
         279         488
         280         281
         280         521
         281         282
         281         520
         282         283
         282         314
         283         284
         284         285
         284         310
         285         286
         285         489
         286         287
         286         504
         287         288
         287         292
         287         296
         288         289
         289         290
         289         490
         290         291
         290         491
         291         492
         292         293
         292         495
         293         294
         293         493
         294         295
         294         494
         296         297
         296         298
         297         496
         298         299
         298         497
         299         300
         299         302
         300         301
         300         498
         302         303
         302         499
         303         304
         303         308
         304         305
         304         500
         305         306
         305         501
         306         307
         306         502
         308         309
         308         503
         310         311
         310         313
         311         312
         311         505
         313         506
         314         315
         314         324
         315         316
         315         514
         316         317
         316         513
         317         318
         317         512
         318         319
         318         320
         319         507
         320         321
         320         511
         321         322
         321         510
         322         323
         322         509
         323         508
         324         325
         324         519
         325         326
         325         518
         326         327
         326         517
         327         328
         327         516
         328         329
         328         515
         330        1016
         330        1018
         330        1021
         330        1022
         330        1881
         330        1882
         330        1884
         330        1886
         330        1888
         330        1890
         330        1923
         330        1924
         330        1926
         330        1928
         331        1725
         331        1726
         331        1727
         331        1728
         331        1729
         331        1730
         332        1953
         332        1960
         332        1967
         333        1956
         333        1981
         334        1935
         334        1944
         335        1731
         335        1732
         335        1733
         335        1976
         335        2031
         336        1734
         336        1735
         336        2038
         337         898
         337         901
         337         903
         337         905
         337        1791
         338         907
         338         909
         338         911
         338         913
         338         915
         338        1792
         338        1793
         338        1794
         338        1795
         338        1796
         338        1797
         339         899
         339         900
         339         902
         339         904
         339         906
         339        1868
         339        1870
         339        1872
         339        1873
         339        1876
         339        1879
         339        1922
         339        1925
         339        1927
         340         600
         340         601
         340         908
         340         910
         340         912
         340         914
         340         916
         340        1929
         340        1930
         340        1931
         340        1932
         340        1933
         341        1913
         341        1916
         341        1919
         341        1921
         342        1899
         342        1900
         342        1901
         342        1902
         342        1903
         342        1904
         342        1905
         342        1906
         342        1907
         342        1909
         342        1911
         342        1912
         343        1892
         343        1893
         343        1895
         343        1897
         347         558
         347         559
         347         560
         347         561
         347         562
         347         563
         347         564
         347         565
         347         566
         347         567
         347         568
         347         569
         347         570
         347         571
         347         572
         347         573
         347         574
         347         575
         347         576
         347         577
         347         578
         347         579
         347         580
         347         581
         347         582
         347         583
         347         584
         347         585
         347        1988
         348         542
         348         544
         348         546
         348         547
         348         548
         348         549
         348         555
         348         556
         348         557
         348         586
         348         587
         348         588
         348         589
         348         590
         348         591
         348         592
         348         593
         348         594
         348         595
         348         596
         348         597
         348         598
         348         967
         348         968
         348         969
         348         970
         348         971
         348         972
         348        1023
         348        1024
         348        2037
         348        2051
         349        2057
         350         532
         350         534
         350         535
         350         837
         350         838
         350         842
         350         843
         350        1958
         350        1968
         351         533
         351         869
         351         873
         351        2053
         352         887
         352         890
         352         894
         352         895
         352         896
         352         951
         352         953
         352         956
         352         957
         352         959
         353         537
         353         538
         353         682
         353         867
         353         878
         353         883
         353         928
         353         929
         353         938
         353         939
         353         940
         353         950
         355         897
         355         962
         355         966
         355        1957
         355        2004
         355        2006
         355        2019
         355        2024
         355        2025
         355        2027
         355        2048
         355        2061
         356        1669
         356        1670
         356        1671
         356        1672
         356        1673
         356        2062
         358        2035
         359        1939
         359        1949
         359        2013
         360        1664
         360        1665
         360        1666
         360        1667
         360        1668
         360        2044
         360        2047
         361         866
         361         868
         361         871
         361         872
         361         875
         361         876
         361         880
         361         881
         361         882
         361         884
         361         886
         361         888
         361         891
         361         893
         362         530
         362         531
         362         846
         362         849
         362         851
         362         852
         362         854
         362         855
         362         856
         362         858
         362         860
         362         861
         362         862
         362         864
         362         877
         363         527
         363         528
         363         774
         363         775
         363         776
         363         777
         363         778
         363         779
         363         833
         363         840
         363         841
         363         844
         363         845
         364         766
         364         767
         364         768
         364         769
         364         770
         364         809
         364         810
         364         815
         364         816
         364         822
         364         823
         364         824
         364         826
         364         832
         364        1434
         364        1435
         364        1469
         364        1472
         364        1998
         365         811
         365         812
         365         813
         365         814
         365         817
         365         818
         365         819
         365         820
         365         821
         365         825
         365        1962
         366         827
         366         828
         366         829
         366         830
         366         831
         366        2030
         367        1937
         368         771
         368         772
         368         773
         368         834
         368         835
         368         836
         368        1470
         368        1471
         368        2033
         369         525
         369         752
         369         753
         369         754
         369         755
         369         780
         369         781
         369         783
         369         785
         369         787
         370        1936
         371         806
         371         807
         371         808
         371        1943
         371        1974
         371        2026
         372        1994
         372        2032
         372        2040
         373         761
         373         762
         373         763
         373         764
         373         765
         373         798
         373         801
         373         802
         373         804
         374         756
         374         757
         374         758
         374         759
         374         760
         374         788
         374         791
         374         793
         374         794
         374         796
         375         526
         375         782
         375         847
         375         848
         376         784
         376         786
         376         789
         376         790
         376         792
         376         795
         376         850
         376         853
         376         857
         376         863
         376         865
         376         870
         377         797
         377         799
         377         800
         377         803
         377         805
         377         874
         377         879
         377         885
         377         889
         377         892
         377        2065
         378         529
         378         536
         378         839
         378        2050
         378        2055
         379        2056
         380         539
         380         540
         380         541
         380         859
         380         917
         380         918
         380         919
         380         920
         380         921
         380         922
         380         923
         380         924
         380         925
         380         927
         381         543
         381        1934
         383         545
         383         550
         383         551
         383         552
         383         553
         383         554
         383         973
         383         974
         383         975
         383         976
         383         977
         383         980
         383         983
         383         984
         383        2014
         383        2016
         384        1940
         385         949
         385         952
         385         954
         385         955
         385         958
         385         960
         385         961
         385         963
         385         964
         385         965
         385         994
         385         995
         385         996
         385         997
         385         999
         385        1000
         385        1001
         385        1002
         385        1004
         385        1011
         385        1012
         386         926
         386         930
         386         931
         386         932
         386         933
         386         934
         386         935
         386         936
         386         937
         386         941
         386         942
         386         943
         386         944
         386         945
         386         946
         386         947
         386         948
         386         978
         386         979
         386         981
         386         982
         386         985
         386         986
         386         987
         386         988
         386         989
         386         990
         386         991
         386         992
         386         993
         386        2002
         386        2028
         387        1972
         387        1999
         387        2012
         388         998
         388        1003
         388        1005
         388        1006
         388        1007
         388        1008
         388        1009
         388        1010
         388        1013
         388        1014
         388        1950
         388        2011
         389        1973
         389        1995
         389        2009
         389        2018
         389        2020
         389        2021
         389        2023
         390        1965
         391        1963
         391        1966
         391        1971
         391        1986
         391        1991
         391        1992
         391        1993
         391        2007
         391        2046
         392        1946
         393        1952
         393        1985
         393        1990
         395        1945
         395        1954
         395        1977
         395        1980
         395        1987
         395        1997
         395        2003
         395        2029
         396        1869
         396        1871
         396        1874
         396        1875
         396        1970
         397        1015
         397        1877
         397        1878
         397        1880
         397        1883
         397        1885
         397        1887
         397        1889
         397        2017
         397        2049
         397        2064
         398        1017
         398        1019
         398        1020
         398        1736
         398        1737
         398        1891
         398        1894
         398        1896
         399        1229
         399        1230
         399        1231
         399        1738
         399        1739
         399        1740
         399        1741
         399        1742
         399        1743
         399        1898
         399        1908
         399        1910
         399        1914
         399        1915
         399        1917
         399        1918
         399        1920
         400        1708
         400        1709
         400        1710
         400        1711
         401        1712
         401        1713
         401        1714
         401        1715
         401        1716
         402         730
         402         731
         402         732
         402         733
         402         734
         402         735
         402         736
         402         737
         402         739
         403        1121
         403        1122
         403        1124
         403        1126
         403        1448
         403        1449
         403        1450
         403        1451
         403        1452
         404        1454
         404        1455
         404        1456
         404        1457
         404        1458
         404        1459
         404        1460
         404        1461
         404        1462
         404        1463
         404        1464
         404        1465
         404        1466
         404        1467
         404        1468
         405        1140
         405        1141
         405        1142
         405        1143
         405        1453
         406        1323
         406        1324
         406        1325
         406        1326
         406        1327
         406        1328
         406        1329
         406        1330
         406        1331
         407        1332
         407        1333
         407        1334
         407        1335
         407        1336
         407        1337
         407        1338
         407        1339
         407        1340
         407        1341
         408        1232
         408        1233
         408        1234
         408        1235
         408        1236
         408        1237
         408        1239
         409        1238
         409        1240
         409        1241
         409        1242
         409        1243
         409        1244
         409        1245
         409        1246
         409        1247
         409        1248
         409        1249
         409        1250
         410         673
         410         676
         410         679
         410         681
         410        1134
         410        1136
         410        1138
         410        1139
         411         686
         411         687
         411         688
         411         689
         411        1144
         411        1145
         411        1146
         411        1147
         411        2005
         412         691
         412         692
         412         694
         412         695
         412         697
         412         698
         412         699
         412         700
         412         701
         412         702
         413        1342
         413        1343
         413        1344
         413        1345
         413        1346
         413        1347
         413        1348
         413        1349
         414         663
         414         664
         414         665
         414         666
         414         667
         414         668
         414         669
         414         670
         414         671
         414         672
         415        1415
         415        1416
         415        1417
         415        1418
         415        1419
         415        1420
         415        1421
         415        1422
         416         703
         416         704
         416         705
         416         706
         416         707
         416         708
         416         709
         416         710
         416         711
         416         712
         416         713
         416         714
         416         715
         416         716
         416         717
         417        1123
         417        1125
         417        1127
         417        1128
         417        1129
         417        1130
         417        1131
         417        1132
         417        1133
         417        1135
         417        1137
         418        1948
         419        1747
         419        1748
         419        1780
         419        1781
         419        1782
         419        1783
         419        1784
         419        1785
         419        1786
         419        1787
         419        1788
         419        1789
         419        1790
         419        1996
         420        1744
         420        1745
         420        1746
         420        1771
         420        1772
         420        1773
         420        1774
         420        1775
         420        1776
         420        1777
         420        1778
         420        1779
         421        1761
         421        1762
         421        1763
         421        1764
         421        1765
         421        1766
         421        1767
         421        1768
         421        1769
         421        1770
         421        1982
         422        1749
         422        1750
         422        1751
         422        1752
         422        1753
         422        1754
         422        1755
         422        1756
         422        1757
         422        1758
         422        1759
         422        1760
         424        1516
         424        1518
         424        1520
         424        1522
         425        1524
         425        1526
         425        1529
         425        1530
         425        1531
         426        1533
         426        1535
         426        1537
         426        1539
         426        1541
         426        1543
         426        1545
         426        1547
         426        1549
         426        1551
         426        1553
         428        1555
         428        1557
         428        1559
         428        1561
         428        1563
         428        1565
         428        1566
         428        1568
         428        1570
         430        1618
         430        1827
         430        1828
         430        1829
         430        1830
         430        1831
         430        1832
         430        1833
         430        1835
         430        1837
         430        1838
         430        1969
         430        2010
         431        1798
         431        1799
         431        1800
         431        1801
         431        1802
         431        1803
         431        1804
         431        1805
         431        1806
         431        1807
         431        1808
         431        1809
         431        1810
         431        1811
         431        1812
         431        1813
         431        1814
         431        1815
         431        1816
         431        1817
         431        1818
         431        1819
         431        1820
         431        1821
         431        1822
         431        1823
         431        1824
         431        1825
         431        1826
         431        1989
         432        1613
         432        1614
         432        1615
         432        1616
         432        1848
         432        1849
         432        1850
         432        1851
         432        1852
         432        1853
         432        1854
         432        1855
         432        1856
         432        1857
         432        1858
         432        1859
         432        1860
         433        1834
         433        1836
         433        1839
         433        1840
         433        1841
         433        1842
         433        1843
         433        1844
         433        1845
         433        1846
         433        1847
         434        1180
         434        1181
         434        1182
         434        1183
         434        1184
         434        1185
         434        1617
         434        1619
         434        1620
         434        2015
         435        1160
         435        1161
         435        1162
         435        1163
         435        1164
         435        1165
         435        1166
         435        1167
         435        1168
         435        1169
         435        1170
         435        1171
         435        1172
         435        1173
         435        1174
         435        1175
         435        1176
         435        1177
         435        1178
         435        1179
         436        1148
         436        1149
         436        1150
         436        1151
         436        1152
         436        1153
         436        1154
         436        1155
         436        1156
         436        1157
         436        1158
         436        1159
         436        1279
         436        1280
         436        1281
         436        1282
         436        1283
         436        1284
         436        1285
         436        1286
         436        2000
         437         741
         437         743
         437        2060
         438        1078
         438        1079
         438        1080
         438        1081
         438        1082
         438        1083
         438        1084
         438        1085
         438        1086
         438        1087
         438        1088
         439        1089
         439        1090
         439        1091
         439        1092
         439        1093
         439        1094
         439        1095
         439        1096
         439        1097
         439        1098
         439        1099
         439        1100
         439        1101
         440        1102
         440        1103
         440        1104
         440        1105
         440        1106
         440        1107
         440        1108
         440        1109
         440        1110
         440        1111
         440        1112
         440        1113
         441        1720
         441        1721
         441        1722
         441        1723
         441        1724
         442        1717
         442        1718
         442        1719
         443        1053
         443        1054
         443        1057
         443        1059
         443        1060
         443        1063
         443        1695
         443        1696
         443        1697
         443        1698
         443        1699
         444        1041
         444        1043
         444        1045
         444        1047
         444        1049
         444        1051
         444        1686
         444        1688
         444        1689
         444        1691
         444        1692
         444        1694
         445        1026
         445        1028
         445        1674
         445        1676
         446        1356
         446        1359
         446        1361
         446        1428
         446        1431
         446        1432
         447        1433
         447        1514
         447        1515
         448        1517
         448        1519
         448        1521
         448        1523
         448        1525
         448        1527
         448        1528
         449        1485
         449        1532
         449        1534
         449        1536
         449        1538
         449        1540
         450        1550
         450        1552
         450        1554
         450        1556
         450        1595
         450        1597
         451         738
         451         740
         451         742
         451         744
         451         745
         451        1598
         451        1600
         451        1602
         452         746
         452         747
         452         748
         452         749
         452         750
         452         751
         452        1569
         452        1605
         452        1607
         452        1608
         453        1558
         453        1560
         453        1562
         453        1564
         453        1567
         453        1610
         453        1611
         453        1612
         454        1586
         454        1587
         454        1590
         454        1591
         454        1593
         454        1599
         454        1601
         454        1603
         454        1604
         454        1606
         454        1609
         455        1571
         455        1573
         455        1575
         455        1578
         455        1579
         455        1582
         455        1585
         455        1588
         455        1589
         455        1592
         455        1594
         455        1596
         455        2054
         456        1542
         456        1544
         456        1546
         456        1548
         456        1581
         456        1583
         457        1473
         457        1475
         457        1478
         457        1479
         457        1481
         457        1483
         457        1572
         457        1574
         457        1576
         457        1577
         457        1580
         458         718
         458         721
         458         723
         458         725
         458         727
         458         729
         458        1474
         458        1476
         458        1477
         458        1480
         458        1482
         458        1484
         459         719
         459         720
         459         722
         459         724
         459        1436
         459        1439
         459        1441
         459        1443
         460         726
         460         728
         460        1444
         460        1447
         461        1423
         461        1425
         461        1427
         461        1429
         461        1430
         461        1437
         461        1438
         461        1440
         461        1442
         461        1445
         461        1446
         462        1360
         462        1509
         462        1510
         462        1511
         462        1512
         462        1513
         462        1656
         463        1350
         463        1352
         463        1354
         463        1424
         463        1426
         464         674
         464         675
         464         677
         464         678
         464         680
         464        1251
         464        1252
         464        1253
         464        1254
         464        1351
         464        1353
         464        1355
         464        1357
         464        1358
         464        1651
         464        1652
         464        1654
         464        1693
         464        2008
         464        2045
         465         684
         465         693
         465        1503
         465        1505
         465        1507
         465        1653
         465        1655
         465        1657
         465        1687
         465        1690
         466         683
         466         685
         466         690
         466         696
         466        1497
         466        1499
         466        1681
         466        1684
         467        1114
         467        1115
         467        1116
         467        1120
         467        1186
         467        1187
         467        1188
         467        1189
         467        1190
         467        1191
         467        1192
         467        1193
         467        1194
         467        1195
         467        1196
         467        1197
         467        1198
         467        1489
         467        1491
         467        1493
         467        1495
         467        1675
         467        1678
         468        1117
         468        1118
         468        1119
         470        1955
         470        1975
         470        1983
         470        2001
         470        2034
         470        2039
         470        2063
         471        1621
         471        1622
         471        1623
         473        1645
         473        1647
         473        1649
         473        1650
         474        1640
         474        1643
         474        1644
         475        1625
         475        1627
         475        1630
         475        1632
         475        1634
         475        1636
         475        1638
         477        1502
         477        1504
         477        1506
         477        1508
         477        1641
         477        1642
         477        1646
         477        1648
         477        2036
         478        1492
         478        1494
         478        1496
         478        1498
         478        1500
         478        1501
         478        1629
         478        1631
         478        1633
         478        1635
         478        1637
         478        1639
         479        1486
         479        1487
         479        1488
         479        1490
         479        1624
         479        1626
         479        1628
         480        1942
         480        1947
         480        1951
         480        1959
         480        1961
         480        1984
         480        2041
         480        2042
         482        1978
         483        1662
         483        1663
         483        2058
         484        1658
         484        1660
         484        1661
         485        1659
         485        2052
         486        1861
         487         616
         487        1862
         487        1863
         487        1864
         487        1865
         487        1866
         487        1867
         487        2059
         488        1938
         489         636
         489         639
         489         643
         489         645
         489         648
         489         650
         489         651
         490         603
         490         605
         490         607
         490         608
         490         609
         490         610
         490         612
         490         614
         490         617
         490        1964
         490        1979
         491        1385
         491        1390
         491        1391
         491        1392
         491        1394
         491        1396
         491        1399
         491        1400
         491        1402
         491        1404
         492        1406
         492        1408
         492        1410
         492        1412
         492        1413
         492        1414
         493        1291
         493        1294
         493        1296
         493        1362
         493        1363
         493        1364
         493        1365
         493        1366
         493        1367
         493        1369
         493        1371
         493        1386
         493        1388
         493        1393
         493        2022
         494        1298
         494        1300
         494        1302
         494        1304
         494        1306
         494        1307
         494        1395
         494        1397
         494        1398
         494        1401
         494        1403
         494        1405
         494        1407
         494        1409
         494        1411
         495         602
         495         604
         495         606
         495        1387
         495        1389
         496         611
         496         613
         496         618
         496         621
         496         626
         496        1211
         496        1212
         497         642
         497         646
         497         649
         497         652
         497        1199
         497        1200
         497        1202
         497        1204
         497        1205
         497        1207
         497        1208
         497        1218
         497        1264
         497        1265
         497        1266
         497        1267
         497        1287
         497        1288
         497        1289
         497        1290
         497        1292
         497        1293
         497        1295
         497        1297
         498         629
         498        1209
         498        1210
         498        1213
         498        1214
         498        1215
         498        1216
         498        1217
         498        1220
         498        1222
         498        1224
         498        1226
         498        1228
         498        1263
         500        1299
         500        1301
         500        1303
         500        1305
         500        1308
         500        1309
         500        1310
         500        1584
         501        1312
         501        1313
         501        1368
         501        1370
         501        1372
         501        1374
         502        1316
         502        1318
         502        1320
         502        1322
         502        1376
         502        1378
         502        1380
         502        1382
         503        1219
         503        1221
         503        1223
         503        1225
         503        1227
         503        1311
         503        1314
         503        1315
         503        1317
         503        1319
         503        1321
         504         615
         504         619
         504         623
         504         627
         504         632
         504         634
         505         622
         505         625
         505         630
         505         633
         505         637
         505         640
         505         644
         506        1941
         507        1255
         507        1257
         507        1259
         507        1262
         507        1270
         507        1271
         507        1272
         508        1373
         508        2043
         509        1375
         509        1377
         509        1379
         509        1381
         509        1383
         509        1384
         510        1276
         510        1277
         510        1278
         511        1273
         511        1274
         511        1275
         512        1256
         512        1268
         512        1269
         513        1201
         513        1203
         513        1206
         513        1258
         513        1260
         513        1261
         515        1071
         515        1072
         515        1075
         515        1076
         516        1062
         516        1065
         516        1066
         516        1068
         517         660
         517         661
         517         662
         517        1056
         517        1058
         517        1061
         518         658
         518         659
         518        1052
         518        1055
         519         653
         519         654
         519         655
         519         656
         519         657
         519        1042
         519        1044
         519        1046
         519        1048
         519        1050
         520         638
         520         641
         520         647
         520        1033
         520        1035
         520        1037
         520        1040
         521         620
         521         624
         521         628
         521         631
         521         635
         521        1025
         521        1027
         521        1029
         521        1031
         522         599
         522        1030
         522        1032
         522        1034
         522        1036
         522        1038
         522        1039
         522        1677
         522        1679
         522        1680
         522        1682
         522        1683
         522        1685
         523        1064
         523        1067
         523        1700
         523        1701
         523        1702
         524        1069
         524        1070
         524        1073
         524        1074
         524        1077
         524        1703
         524        1704
         524        1705
         524        1706
         524        1707